10 0.012284500000021126
100 0.0019570000000044274
1000 0.19272380000001021
2000 1.3256986000000097
2000 1.2335204999999974
4000 9.559336400000007
5000 17.36505840000001
6000 30.575374799999963
7000 47.12749500000001
8000 68.9240565
10 0.06666580000000977
100 0.0006516999999348627
1000 0.20243059999995694
2000 1.277024900000015
2000 1.3295362999999725
4000 9.06930680000005
5000 19.541471600000023
6000 30.990522599999963
7000 49.34602540000003
8000 69.55123960000003
10 0.041146999999909895
100 0.0008156000000099084
1000 0.22039310000002388
2000 1.2664422999999942
2000 1.3120139000000108
4000 9.837948200000028
5000 17.964317100000017
6000 28.69475120000004
7000 51.851573500000086
8000 71.08279789999995
10 0.066318899999942
100 0.0009918999999172229
1000 0.2740376000000424
2000 1.8751340000000027
2000 1.634140699999989
4000 8.981942899999922
5000 17.408689800000047
6000 30.98964069999988
7000 45.07343220000007
8000 71.26523010000005
10 0.040469000000030064
100 0.0008015999999315682
1000 0.1931601999999657
2000 1.2250774999999976
2000 1.2431867999998758
4000 9.087694700000156
5000 18.034848199999942
6000 31.5877231999998
7000 47.557265200000074
8000 69.20574080000006
10 0.0670001000000866
100 0.0008057999998527521
1000 0.22732990000008613
2000 1.262658999999985
2000 1.3328768000001219
4000 8.931432500000028
5000 19.239327900000035
6000 32.31263530000001
7000 48.5053598999998
8000 69.39060300000006
10 0.04069279999998798
100 0.0008076999999957479
1000 0.2021629999999277
2000 1.2292578999999932
2000 1.4477543000000423
4000 9.728833500000064
5000 19.315849099999923
6000 29.61518319999982
7000 48.53665909999995
8000 69.80167090000009
10 0.06622279999987768
100 0.0009801999999581312
1000 0.23282029999995757
2000 1.282784300000003
2000 1.2327975999999126
4000 9.678480100000115
5000 20.029231600000003
6000 29.63914120000004
7000 47.661636099999896
8000 77.34838050000008
10 0.06150479999996605
100 0.0008674999999129795
1000 0.2926072000000204
2000 1.8395818999999847
2000 1.8823825000001762
4000 9.492263399999956
5000 18.144269399999985
6000 31.431590299999925
7000 45.36495979999995
8000 70.14105900000004
10 0.07521170000018174
100 0.0008044000001063978
1000 0.19177769999987504
2000 1.2165161999996599
2000 1.2479424999996809
4000 9.722963800000343
5000 16.85902669999996
6000 31.743208800000048
7000 47.88737979999996
8000 70.24764320000031
