10 0.00012230000015733822
100 0.0007895000001099106
1000 0.18150969999987865
2000 1.2477055000001656
2000 1.2327514999999494
4000 8.912105200000042
5000 19.556624900000088
6000 31.590975600000093
7000 47.93283980000024
8000 68.05560600000035
10 0.06012979999968593
100 0.0007797000002938148
1000 0.17822130000013203
2000 1.2764616999997997
2000 1.2161676000000625
4000 9.022364899999957
5000 18.858959899999718
6000 28.143630199999734
7000 48.53777920000039
8000 71.20846789999996
10 0.042319900000165944
100 0.000686899999891466
1000 0.1929989000000205
2000 1.2210073999999622
2000 1.2192620999999235
4000 11.418526699999802
5000 16.51045209999984
6000 28.907628699999805
7000 47.117201699999896
8000 69.31974170000012
10 0.04126380000025165
100 0.0005863999999746738
1000 0.1849861000000601
2000 1.820130600000084
2000 1.8938584000002265
4000 9.399928799999998
5000 16.264217100000224
6000 29.056395099999918
7000 45.32714029999988
8000 81.8070558999998
10 0.04040480000003299
100 0.0006189999999151041
1000 0.21843829999988884
2000 1.2044301999999334
2000 1.36592359999986
4000 9.625201299999844
5000 19.799183399999947
6000 32.64046129999997
7000 49.706661899999744
8000 72.4079698999999
10 0.040693800000099145
100 0.0005833999998685613
1000 0.3089506999999685
2000 1.1882390999999188
2000 1.2691748000002008
4000 9.391600399999788
5000 20.001175800000055
6000 30.48663009999973
7000 50.18914029999996
8000 71.81925030000002
10 0.054078300000128365
100 0.0005688999999620137
1000 0.21528299999999945
2000 1.5644868999997925
2000 1.3838080000000446
4000 10.393200699999852
5000 19.34172699999999
6000 30.26150490000009
7000 49.49378290000004
8000 71.53189250000014
10 0.04731590000028518
100 0.0007254000001921668
1000 0.29712130000007164
2000 1.7724083000002793
2000 1.9454040999999052
4000 9.323872599999959
5000 18.00876550000021
6000 33.947468599999866
7000 52.203913100000136
8000 70.13239359999989
10 0.0403096000000005
100 0.0006373999999595981
1000 0.1771444999999403
2000 1.2644653000002108
2000 1.2353656999998748
4000 9.946782900000017
5000 17.93196560000024
6000 32.04468339999994
7000 50.120059500000025
8000 70.84470320000037
10 0.0404899000000114
100 0.0006100000000515138
1000 0.18430190000026414
2000 1.435379600000033
2000 1.2716269000002285
4000 9.844164600000113
5000 20.824647899999945
6000 32.593059899999844
7000 48.52650170000015
8000 77.60080719999996
