10 0.01765720000003057
100 0.0023917999997138395
1000 0.10556220000034955
2000 0.6749431999996887
2000 0.582907800000612
4000 3.0302188000005117
5000 5.334090900000774
6000 8.70597910000015
7000 13.842563400000472
8000 21.94518319999952
10 0.0002710999997361796
100 0.0006406000002243672
1000 0.10341129999960685
2000 0.5722426000002088
2000 0.5969711999996434
4000 3.1130331000003935
5000 5.481713999999556
6000 9.226996800000052
7000 13.499839899999643
8000 24.158673199999612
10 0.0003187000002071727
100 0.0009586999995008227
1000 0.13163910000002943
2000 0.7479040999996869
2000 0.6959023999997953
4000 3.7747434999992038
5000 5.870126100000562
6000 11.211811099999977
7000 18.35061189999942
8000 21.022009999999682
10 0.00036839999938820256
100 0.0007071999998515821
1000 0.09272060000057536
2000 0.5796751999996559
2000 0.6380785999999716
4000 3.171517099999619
5000 5.568835600000057
6000 9.021186100000705
7000 13.951974200000222
8000 19.764014999999745
10 0.0002722000008361647
100 0.0006425000001399894
1000 0.09304560000055062
2000 0.6122841000005792
2000 0.5817620999996507
4000 3.1688610999999582
5000 5.500579300000027
6000 9.482511700000032
7000 13.319369499999993
8000 19.688080400000217
10 0.0003280000000813743
100 0.0006514999995488324
1000 0.1318266999996922
2000 0.6199040999999852
2000 0.5774481999997079
4000 3.0967389999996158
5000 5.462859900000694
6000 9.813593099999707
7000 12.848444199999904
8000 19.707801199999267
10 0.000465299999632407
100 0.0011165000005348702
1000 0.09240009999939502
2000 0.6123959000005925
2000 0.5546629999998913
4000 3.148499599999923
5000 5.5918581999994785
6000 11.196515200000249
7000 13.321521599999869
8000 19.8133112000005
10 0.0003867999994326965
100 0.0007053999997879146
1000 0.09653739999976096
2000 0.5721256999995603
2000 0.6080651000002035
4000 3.1342247000002317
5000 5.4869621999996525
6000 9.961547799999607
7000 13.288645300000098
8000 19.64880450000055
10 0.00027439999939815607
100 0.0006404999994629179
1000 0.10064619999957358
2000 0.5744816999995237
2000 0.5847684000000299
4000 3.2053915999995297
5000 5.5349967000001925
6000 8.961553500000264
7000 13.464474300000802
8000 19.23841700000048
10 0.00028870000005554175
100 0.0006421999996746308
1000 0.1183338000000731
2000 0.645795100000214
2000 0.5695924000001469
4000 3.1027344999993147
5000 6.703664599999684
6000 9.52258879999954
7000 13.254375000000437
8000 20.14699130000008
