10 0.0003234999994674581
100 0.0009671999996498926
1000 0.11967830000048707
2000 0.6246079000002283
2000 0.6034912000004624
4000 3.986348700000235
5000 7.831882899999982
6000 13.622440799999822
7000 19.9373130999993
8000 27.151828000000023
10 0.0005789000006188871
100 0.0005300000002534944
1000 0.13019619999977294
2000 0.6161852999994153
2000 0.5974059000000125
4000 4.0693043999999645
5000 8.787656700000298
6000 12.240840700000263
7000 18.8916119000005
8000 29.504404799999975
10 0.0012422999998307205
100 0.0009313000000474858
1000 0.11315650000051392
2000 0.5931293000003279
2000 0.6020101000003706
4000 4.0820512999998755
5000 7.289096399999835
6000 12.243068900000253
7000 21.24197709999953
8000 27.180422200000066
10 0.0007430999994539889
100 0.0005732999998144805
1000 0.119539999999688
2000 0.6340034999993804
2000 0.6461973000004946
4000 4.77956069999982
5000 8.493339399999968
6000 12.444733799999995
7000 19.11492039999939
8000 29.449144599999272
10 0.0006950000006327173
100 0.0007341000000451459
1000 0.12368210000022373
2000 0.6196095000004789
2000 0.6211395000000266
4000 4.192440499999975
5000 7.654592799999591
6000 12.320057799999631
7000 21.249383400000625
8000 27.387481700000535
10 0.0006614000003537512
100 0.0005221999999776017
1000 0.13885519999985263
2000 0.6316768999995475
2000 0.6166143000000375
4000 4.028795100000025
5000 7.6240178999996715
6000 13.85966449999978
7000 18.424487399999634
8000 28.78687439999976
10 0.0007949000000735396
100 0.0009756999997989624
1000 0.12162749999970401
2000 0.6103716000006898
2000 0.5792901000004349
4000 3.969071399999848
5000 7.419634300000325
6000 11.877255200000036
7000 18.82912420000048
8000 27.26196660000005
10 0.0005434000004242989
100 0.0005338000000847387
1000 0.1160835999999108
2000 0.611322900000232
2000 0.6144059000007474
4000 4.022135100000014
5000 7.438568999999916
6000 13.253829600000245
7000 18.989643300000353
8000 27.08473150000009
10 0.00074640000002546
100 0.0008053000001382316
1000 0.09703239999998914
2000 0.6100896999996621
2000 0.6371157000003222
4000 5.075827800000297
5000 7.962749199999962
6000 12.156839799999943
7000 19.063439800000197
8000 30.843083099999603
10 0.0005161999997653766
100 0.0005866999999852851
1000 0.11682109999946988
2000 0.6351456999991569
2000 0.6058142000001681
4000 4.032942200000434
5000 7.314369499999884
6000 9.769881200000782
7000 16.35365710000042
8000 21.040876500000195
