10 0.00033340000027237693
100 0.0009919000003719702
1000 0.11998459999995248
2000 0.6859644999994998
2000 0.836003399999754
4000 5.064585000000079
5000 7.989036999999371
6000 11.974413299999469
7000 18.543526700000257
8000 28.848554399999557
10 0.0005019999998694402
100 0.0006038000001353794
1000 0.13708299999962037
2000 0.6251612999994904
2000 0.6022538999995959
4000 4.012270599999283
5000 7.416809999999714
6000 12.572355799999968
7000 20.998254199999792
8000 26.874574499999653
10 0.0006508999995276099
100 0.0006296000001384527
1000 0.1044343999992634
2000 0.5857658000004449
2000 0.6528284999994867
4000 4.131018500000209
5000 8.676337699999749
6000 12.9831807999999
7000 19.917561399999613
8000 32.13620400000036
10 0.0006755999993401929
100 0.0005344999999579159
1000 0.13167929999963235
2000 0.6198135000004186
2000 0.6030631999992693
4000 3.860887300000286
5000 7.479772400000002
6000 12.21754030000011
7000 21.53751310000007
8000 26.985296099999687
10 0.0006921000003785593
100 0.001280100000258244
1000 0.11592790000031528
2000 0.6184384000007412
2000 0.6143588000004456
4000 4.007838300000003
5000 8.394588499999372
6000 12.658138800000415
7000 19.261693499999637
8000 28.994977299999846
10 0.0007689000003665569
100 0.0008867999995345599
1000 0.10804269999971439
2000 0.6054912999998123
2000 0.6227058000004035
4000 4.067902000000686
5000 7.735255100000359
6000 12.096944100000655
7000 20.567516900000555
8000 27.177001500000188
10 0.0005808999994769692
100 0.0010577000002740533
1000 0.13202720000026602
2000 0.5903835999997682
2000 0.6234452999997302
4000 4.084940699999606
5000 7.457011800000146
6000 14.611668000000464
7000 18.832051200000024
8000 29.092681099999936
10 0.0003538999999364023
100 0.0005998000006002258
1000 0.1359864000005473
2000 0.7862449000003835
2000 0.6277251000001343
4000 4.044524299999466
5000 7.441990700000133
6000 12.27942990000065
7000 18.84248909999951
8000 27.293238600000223
10 0.0006725999992340803
100 0.0005336000003808294
1000 0.11501330000010057
2000 0.6096376000004966
2000 0.6045158999995692
4000 3.9695754000003944
5000 7.537104300000465
6000 12.984835299999759
7000 18.860547199999928
8000 26.844604099999742
10 0.000733599999875878
100 0.0005434999993667589
1000 0.11639550000018062
2000 0.6279985999999553
2000 0.6274370000000999
4000 5.023092200000065
5000 7.632284899999831
6000 12.104350300000078
7000 19.45345460000044
8000 30.353784500000074
