10 0.0009467000018048566
100 0.0024717000014788937
1000 0.27961680000225897
2000 1.7940600000001723
2000 1.7817555999972683
4000 12.41483000000153
5000 25.558421599998837
6000 38.8855255999988
7000 63.236715099999856
8000 92.15521959999751
10 0.05939120000039111
100 0.0015602999992552213
1000 0.21831580000070971
2000 1.8217822999977216
2000 1.782152199997654
4000 13.110240999998496
5000 26.345633900000394
6000 44.82720329999938
7000 66.11439750000136
8000 94.34230689999822
10 0.04367329999877256
100 0.0015480000001844019
1000 0.260095800000272
2000 1.8215636000022641
2000 1.8364410000031057
4000 14.455860699999903
5000 25.211910300000454
6000 43.18690559999959
7000 64.3047422999989
8000 95.43987170000037
10 0.045373699998890515
100 0.0015304000007745344
1000 0.22544940000079805
2000 1.796203300000343
2000 1.871141699997679
4000 13.336309399997845
5000 24.66163890000098
6000 43.04153619999852
7000 65.03584540000156
8000 96.2935628999985
10 0.04338120000102208
100 0.0015467999983229674
1000 0.24663570000120671
2000 1.8208828999995603
2000 1.7862571000005119
4000 12.99740010000096
5000 26.724179299999378
6000 41.06849539999894
7000 65.87523320000037
8000 95.80003749999742
10 0.06273259999943548
100 0.0017853000026661903
1000 0.24892209999961779
2000 1.8219658999987587
2000 1.8267994000016188
4000 15.016344400002708
5000 24.701226000001043
6000 43.080040999997436
7000 65.12164259999918
8000 95.45742320000136
10 0.04200399999899673
100 0.0017176999972434714
1000 0.338667500000156
2000 1.904537900001742
2000 1.7724989999987883
4000 13.10686429999987
5000 25.059592199999315
6000 42.5040153000009
7000 65.73547780000081
8000 96.70713329999853
10 0.026213500001176726
100 0.001597599999513477
1000 0.2721624999976484
2000 1.8379166000013356
2000 1.8113327999999456
4000 13.31176509999932
5000 26.939374400000816
6000 42.00624510000125
7000 64.20633720000114
8000 96.19704509999792
10 0.042378000001917826
100 0.0015467999983229674
1000 0.23889589999816963
2000 1.8157516999999643
2000 1.795029599998088
4000 14.102181700000074
5000 25.793649299997924
6000 44.21085100000346
7000 66.49179569999978
8000 98.47057290000157
10 0.06372719999853871
100 0.00159420000272803
1000 0.23491090000243275
2000 1.8423097000013513
2000 1.7988315999973565
4000 13.17593670000133
5000 24.815298199999233
6000 43.64602119999836
7000 64.35591449999993
8000 100.10522800000035
