10 0.00012580000020534499 2.6699999580159783e-05 
100 0.0008738000005905633 0.0004087999996045255 
1000 0.07748520000041026 0.0869007999999667 
2000 0.34299989999999525 0.7551092000003337 
2000 0.3312457000001814 0.7449905999992552 
4000 1.4400421000000279 6.199163100000078 
5000 2.41289659999984 11.408594799999264 
6000 3.340048900000511 18.960993400000007 
7000 4.692298999999366 31.830546799999865 
8000 6.6843134999999165 46.12605320000057 
10 0.1855679999998756 0.11266640000030748 
100 0.0008386999998037936 0.0002705999995669117 
1000 0.08441560000028403 0.09899969999969471 
2000 0.3304684000004272 0.6902767999999924 
2000 0.3315164999994522 0.7163679000004777 
4000 1.4892855999996755 5.356782799999564 
5000 2.3549825000000055 10.939987999999175 
6000 3.371865699999944 18.336413099999845 
7000 4.642993999999817 32.486647300000186 
8000 6.90137550000054 46.1368695000001 
10 0.12645080000038433 0.11507399999936752 
100 0.0016477999997732695 0.00029989999984536553 
1000 0.09369200000037381 0.11443169999984093 
2000 0.3303385999997772 0.748913999999786 
2000 0.32748329999958514 0.6910394000005908 
4000 1.482255100000657 5.430257299999539 
5000 2.3053713999997854 10.482616700000108 
6000 3.5384650999994847 20.5557902999999 
7000 4.757064200000059 28.17469699999947 
8000 6.806750499999907 46.92281430000003 
10 0.12992389999999432 0.11159690000022238 
100 0.0008797999998932937 0.00028649999967456097 
1000 0.09310910000021977 0.10260879999987083 
2000 0.34442520000084187 0.7985051999994539 
2000 0.3613199000001259 0.7197912999999971 
4000 1.5087452000007033 5.301376499999606 
5000 2.3737874999997075 10.34058879999975 
6000 3.4465558000001693 20.507885399999395 
7000 4.692087899999933 31.285951400000158 
8000 6.943111699999463 42.61744920000001 
10 0.126754400000209 0.11382859999957873 
100 0.001652500000091095 0.00028449999990698416 
1000 0.09205970000039088 0.08791839999958029 
2000 0.33269410000048083 0.711364799999501 
2000 0.33756309999989753 0.7678771000000779 
4000 1.4867399000004298 5.7059370999995735 
5000 2.326090800000202 12.975714799999878 
6000 3.3636814000001323 18.563616000000366 
7000 4.667155000000093 30.96938769999997 
8000 6.809625400000186 46.03956499999913 
10 0.12931850000040868 0.11254209999970044 
100 0.0016477999997732695 0.0002834999995684484 
1000 0.09755810000024212 0.1565891999998712 
2000 0.3805856999997559 1.0702785000003132 
2000 0.3785245999997642 1.1162021000000095 
4000 1.6675537999999506 6.6389592000004995 
5000 2.343232299999727 10.602741100000458 
6000 3.398949999999786 18.25306610000007 
7000 4.691254099999242 30.984593800000766 
8000 6.780553800000234 45.27610959999947 
10 0.15742359999967448 0.0732172999996692 
100 0.0009055000000444124 0.0003812000004472793 
1000 0.0752903000002334 0.09216680000008637 
2000 0.3715535000001182 0.7070794000001115 
2000 0.36632620000000315 0.6883514999999534 
4000 1.475285100000292 5.451839899999868 
5000 2.3287865000002057 10.456917200000134 
6000 3.3630483999995704 18.679394599999796 
7000 4.884636499999942 29.14691000000039 
8000 6.6896913999999015 45.565526299999874 
10 0.1275314000004073 0.1125648999995974 
100 0.0008705000000190921 0.0002858000007108785 
1000 0.09345109999958368 0.09925180000027467 
2000 0.32737189999988914 0.6788516999995409 
2000 0.330810599999495 0.852639900000213 
4000 1.481560499999432 5.585884699999951 
5000 2.294365199999447 11.376054600000316 
6000 3.457495700000436 20.483656800000063 
7000 4.661611900000025 28.754093399999874 
8000 6.8504743000003145 45.129401099999995 
10 0.10128459999941697 0.07706320000033884 
100 0.0007687999996051076 0.0003102999999100575 
1000 0.09553859999959968 0.1825669999998354 
2000 0.3409775999998601 0.732133900000008 
2000 0.3341663000001063 0.7427978000005169 
4000 1.4822730000005322 5.651774799999657 
5000 2.3145096999996895 11.539609100000234 
6000 3.584421300000031 19.532470099999955 
7000 4.6727490000002945 30.73014669999975 
8000 7.232638799999222 42.39268919999995 
10 0.14459900000019843 0.11299269999926764 
100 0.0008629000003566034 0.00027270000009593787 
1000 0.09790220000013505 0.09834440000031464 
2000 0.33221770000000106 0.7109539000002769 
2000 0.35846310000033554 0.6650215999998181 
4000 1.5348282000004474 5.840287399999397 
5000 2.444629600000553 12.025814300000093 
6000 3.3677493999994113 18.265599500000462 
7000 4.641514200000529 31.1901799999996 
8000 6.82978009999988 44.43196810000063 
