10 0.0013886000000411514 0.00035819999993691454 
100 0.0025567999999793756 0.00047019999999520223 
1000 0.13304140000002462 0.0004768999999669177 
2000 0.6606218999999101 0.0005893000000014581 
2000 0.5591375000000198 0.0005773000000317552 
4000 2.1766609000000017 0.0008085000000619402 
5000 3.4381420000000844 0.0009751000000051135 
6000 4.846969800000011 0.0010503999999400548 
7000 6.633311200000094 0.001145999999948799 
8000 9.19119139999998 0.0012376000000813292 
10 0.0839746000000332 0.0006452999999737585 
100 0.0020362000000204716 0.0003464999999778229 
1000 0.11616660000004231 0.00046629999997094274 
2000 0.5264564999999948 0.0009452000000464977 
2000 0.4900063999999702 0.0006230999999843334 
4000 2.170238799999993 0.0009287999999969543 
5000 3.3270039000000224 0.0009013000000095417 
6000 4.731789299999946 0.0009911000000784043 
7000 6.7056881000000885 0.001235399999927722 
8000 9.448311499999932 0.0012431000000105996 
10 0.08442650000006324 0.0005400000000008731 
100 0.00197969999999259 0.00037320000001273 
1000 0.11554290000003675 0.00047319999998762796 
2000 0.5089759999998478 0.0005939000000125816 
2000 0.5504729999997835 0.0005760000001373555 
4000 2.078925600000048 0.0007864999997764244 
5000 3.2920864000000165 0.0010128000001259352 
6000 4.8160634999999274 0.000998299999992014 
7000 6.521433399999978 0.0011014000001523527 
8000 9.279484400000001 0.0012434000000212109 
10 0.08360700000002907 0.0003533999999945081 
100 0.002059599999938655 0.00034010000013040553 
1000 0.11639960000002247 0.00048240000000987493 
2000 0.48165000000017244 0.0005755999998200423 
2000 0.5491621999999552 0.000582000000122207 
4000 2.0921857000000728 0.0008135000000493164 
5000 3.3134440999999697 0.0009302000000843691 
6000 4.749252200000001 0.0010472999999819876 
7000 6.533618499999875 0.0011117000001377164 
8000 9.708626299999878 0.0012688000001617183 
10 0.08424270000000433 0.0003538000000844477 
100 0.0022443000000293978 0.0003570999999737978 
1000 0.15933819999986554 0.0004906000001483335 
2000 0.48277230000007876 0.0005831000000853237 
2000 0.5021472000000813 0.0005794999999579886 
4000 2.0780190000000403 0.0008356000000731001 
5000 3.287048899999945 0.0009152000000085536 
6000 4.87103500000012 0.0010380999999597407 
7000 6.576739899999893 0.0011028000001260807 
8000 9.485050499999943 0.001214599999912025 
10 0.08616639999991094 0.0003451000000040949 
100 0.0022354999998697167 0.00042750000011437805 
1000 0.11685339999985445 0.00047490000019934087 
2000 0.5334169000000202 0.0006080000000565633 
2000 0.4897432000000208 0.0005771000001004722 
4000 2.0907638999999563 0.0007934000000204833 
5000 3.358317199999874 0.0008998000000701722 
6000 4.883248500000036 0.0010030000000824657 
7000 6.574693699999898 0.0011266999999861582 
8000 9.404347500000085 0.0012153000000125758 
10 0.11262880000003861 0.00035419999994701357 
100 0.002305900000010297 0.000362799999948038 
1000 0.12024199999996199 0.0004761000000144122 
2000 0.49738170000000537 0.0008881999999630352 
2000 0.5681604000001244 0.0006719999998949788 
4000 2.1754858000001605 0.0008162999999967724 
5000 3.3548995999999534 0.0008914000000004307 
6000 4.778865900000028 0.0010194999999839638 
7000 6.583965399999897 0.001147200000104931 
8000 9.243776600000047 0.0012027000000216503 
10 0.08407450000004246 0.00034950000008393545 
100 0.0020263000001250475 0.0003435999999510386 
1000 0.11834780000003775 0.0004885000000740547 
2000 0.5486722999999074 0.0005833000000166066 
2000 0.4842391999998199 0.0005777000001216948 
4000 2.0971554999998716 0.0007897000000411936 
5000 3.3098119000001134 0.0008952000000590488 
6000 4.791774699999905 0.0010320999999748892 
7000 6.6332532000001265 0.0011391000000458007 
8000 9.181852800000115 0.001228800000035335 
10 0.08462280000003375 0.00034419999997226114 
100 0.002020500000071479 0.0003461999999672116 
1000 0.12004350000006525 0.0004764000000250235 
2000 0.5212513000001309 0.0005794999999579886 
2000 0.49139450000006946 0.0005771000001004722 
4000 2.095533400000022 0.0008190000000922737 
5000 3.4570694999999887 0.0009193000000777829 
6000 4.936206000000084 0.0009933999999702792 
7000 6.606595900000002 0.0010970000000725122 
8000 9.50192919999995 0.0012094000001070526 
10 0.08330569999998261 0.00035020000018448627 
100 0.0018509999999878346 0.00034419999997226114 
1000 0.14078749999998763 0.0009153000000878819 
2000 0.5649594000001343 0.0005820999999741616 
2000 0.5199741999999787 0.0005946000001131324 
4000 2.124369599999909 0.0007886000000780768 
5000 3.3463767000000644 0.0008894000000054803 
6000 4.791893699999946 0.000998100000060731 
7000 6.630115500000102 0.0011484999999993306 
8000 10.301803699999937 0.0015854999999191932 
