10 0.007486699999390112
100 0.006643400000029942
1000 0.06461980000040057
2000 0.3735546999996586
2000 0.5818692000002557
4000 2.868873899999926
5000 5.055255999999645
6000 8.77761290000035
7000 15.35222209999938
8000 20.2974650999995
10 0.0001021999996737577
100 0.0003234000005249982
1000 0.055265899999540125
2000 0.48813719999998284
2000 0.3705796000003829
4000 2.861633299999994
5000 5.237705300000016
6000 9.434508699999242
7000 14.503582500000448
8000 20.696828499999356
10 0.00010329999986424809
100 0.00032449999980599387
1000 0.061109700000088196
2000 0.38690050000059273
2000 0.40857469999991736
4000 2.8785024999997404
5000 5.837252499999522
6000 11.47848999999951
7000 14.754555299999993
8000 21.97891729999992
10 0.00010139999994862592
100 0.00031209999997372506
1000 0.05480900000020483
2000 0.5536707999999635
2000 0.413382200000342
4000 2.925499299999501
5000 6.981774399999267
6000 7.8778207999994265
7000 12.059742299999925
8000 18.078623999999763
10 0.00011230000018258579
100 0.0003220999997211038
1000 0.05439349999960541
2000 0.350948199999948
2000 0.4633089999997537
4000 2.544855500000267
5000 6.2175396000002365
6000 8.449298999999883
7000 12.380269799999951
8000 17.917830700000195
10 0.00010120000024471665
100 0.000309699999888835
1000 0.05492560000038793
2000 0.3645360000000437
2000 0.36001260000011825
4000 2.6264033999996172
5000 5.084342299999662
6000 9.291468599999462
7000 12.193279000000075
8000 18.119873100000405
10 0.00010689999999158317
100 0.0003131000003122608
1000 0.054448300000331074
2000 0.3641013999995266
2000 0.36400849999972706
4000 2.611607499999991
5000 4.824837799999841
6000 10.017489199999545
7000 12.511172099999385
8000 17.58633439999994
10 0.00011590000030992087
100 0.000309699999888835
1000 0.053923099999337865
2000 0.3640261000000464
2000 0.3377981000003274
4000 2.619056300000011
5000 5.78796069999953
6000 10.062723500000175
7000 13.203510700000152
8000 17.555294599999797
10 0.00011059999997087289
100 0.00031820000003790483
1000 0.05692980000003445
2000 0.36734940000042116
2000 0.35352229999989504
4000 2.6012628999997105
5000 5.033618800000113
6000 10.322257800000443
7000 12.708502299999964
8000 18.140809399999853
10 0.00010060000022349413
100 0.0003125000002910383
1000 0.06876300000021729
2000 0.41351750000012544
2000 0.36089760000049864
4000 2.671181899999283
5000 5.003412500000195
6000 10.2497371999998
7000 12.411780299999918
8000 17.812713499999518
