10 0.0003832000002148561
100 0.0007501999998567044
1000 0.06276939999997921
2000 0.40212279999968814
2000 0.44882090000010066
4000 2.692579499999738
5000 5.401292900000044
6000 9.757380800000192
7000 13.822620299999926
8000 18.287276499999734
10 0.00016730000015741098
100 0.0005180000002837915
1000 0.06130259999963528
2000 0.4119156000001567
2000 0.38118779999967956
4000 2.6226903000001585
5000 6.349942199999987
6000 8.037989100000232
7000 13.00760339999988
8000 17.90135569999984
10 0.00012549999973998638
100 0.0003293999998277286
1000 0.06141380000008212
2000 0.3694478000002164
2000 0.4015225000002829
4000 2.759917200000018
5000 6.630708400000003
6000 8.162210800000139
7000 14.186603200000263
8000 18.78272640000023
10 0.00019110000039290753
100 0.0005310000001372828
1000 0.07591749999983222
2000 0.37677339999981996
2000 0.4002287999996952
4000 2.5989245999999184
5000 6.782302699999946
6000 7.9272289999998975
7000 13.828284900000199
8000 19.063142499999685
10 0.00013179999996282277
100 0.000331700000060664
1000 0.07451909999963391
2000 0.3718186999999489
2000 0.3804119000001265
4000 3.471679299999778
5000 6.103370099999665
6000 8.20754130000023
7000 13.233774399999675
8000 20.690702399999736
10 0.00014989999999670545
100 0.0005286000000523927
1000 0.08132770000020173
2000 0.5644183999997949
2000 0.47538659999963784
4000 3.872466700000132
5000 4.6978024000000005
6000 8.377311300000201
7000 14.726560099999915
8000 19.019977400000244
10 0.00014659999987998162
100 0.0005381999999372056
1000 0.08048340000004828
2000 0.5004640000001928
2000 0.509327199999916
4000 2.895322699999724
5000 5.244273299999804
6000 8.340917099999842
7000 12.835659700000178
8000 18.632034900000235
10 0.00015299999995477265
100 0.0005227000001468696
1000 0.09560319999991407
2000 0.49340299999994386
2000 0.5177732999995897
4000 3.3132126000000426
5000 4.948606200000086
6000 8.421769699999913
7000 14.815110000000004
8000 21.93441389999998
10 0.000152900000102818
100 0.0005486000000018976
1000 0.0701733000000786
2000 0.41845450000027995
2000 0.3965100000000348
4000 2.7560020000000804
5000 4.7102663999999095
6000 9.593279100000018
7000 12.792153599999892
8000 20.200964699999986
10 0.00015250000024025212
100 0.0005178000001251348
1000 0.061719999999695574
2000 0.3721906000000672
2000 0.3714628000002449
4000 2.6353308999996443
5000 4.936303999999836
6000 8.199616200000037
7000 12.517565999999988
8000 20.448853399999734
