10 0.010693599999285652
100 0.0007097999996403814
1000 0.0799576999997953
2000 0.42928480000045965
2000 0.4163588000001255
4000 2.367741300000489
5000 4.042470899999898
6000 6.8687276999999085
7000 9.935532299999977
8000 16.571132500000203
10 0.0005579999997280538
100 0.0004506999994191574
1000 0.06780870000056893
2000 0.419981099999859
2000 0.38305769999988115
4000 2.202989099999286
5000 3.97286399999939
6000 6.945576099999926
7000 10.606286799999907
8000 15.314614199999596
10 0.0004126999992877245
100 0.0007666999999855761
1000 0.06730889999926148
2000 0.41786950000005163
2000 0.38772400000016205
4000 2.725063500000033
5000 4.395003699999506
6000 6.813737899999978
7000 10.554695599999832
8000 14.712492899999233
10 0.00023289999990083743
100 0.00042129999928874895
1000 0.07125689999975293
2000 0.4508808999999019
2000 0.36606790000041656
4000 2.1863172000003033
5000 3.9232130000000325
6000 7.816463299999668
7000 9.688231499999347
8000 14.790537500000028
10 0.0005929999997533741
100 0.0004343999999036896
1000 0.06710250000014639
2000 0.4050096000000849
2000 0.3570378000003984
4000 2.30087309999999
5000 4.308037400000103
6000 7.0615286000002015
7000 11.526954699999806
8000 15.522345399999722
10 0.00041450000026088674
100 0.0006136000001788489
1000 0.06703850000030798
2000 0.43071899999995367
2000 0.35039749999941705
4000 2.3111566999996285
5000 4.435136600000078
6000 6.771602599999824
7000 11.57233610000003
8000 15.328220700000202
10 0.00023839999994379468
100 0.0004225000002406887
1000 0.09722539999984292
2000 0.35795260000031703
2000 0.38637130000006437
4000 2.3648627000002307
5000 4.600011800000175
6000 6.92097560000002
7000 10.11626729999989
8000 17.14033389999986
10 0.00041590000000724103
100 0.000608999999712978
1000 0.07149310000022524
2000 0.37827180000022054
2000 0.37676620000002004
4000 2.3775315000002593
5000 3.9683696000001873
6000 6.862623400000302
7000 10.195594099999653
8000 15.051418500000182
10 0.0006353999997372739
100 0.0005435000002762536
1000 0.09575609999956214
2000 0.4583159000003434
2000 0.448865599999408
4000 2.7329759999993257
5000 4.1603752000000895
6000 6.809202499999628
7000 10.167327400000431
8000 14.829542000000401
10 0.0005698999993910547
100 0.00042490000032557873
1000 0.09362859999964712
2000 0.42293960000006336
2000 0.45797680000032415
4000 2.4517613999996684
5000 4.428044399999635
6000 6.929677999999512
7000 10.42951389999962
8000 15.106799600000159
