10 0.008644499999718391
100 0.0010075000000142609
1000 0.11358240000026854
2000 0.63169839999955
2000 0.6109321000003547
4000 4.049203000000489
5000 7.732297399999879
6000 14.02701739999975
7000 19.162094600000273
8000 27.611020100000133
10 0.0007651000005353126
100 0.0005817000001115957
1000 0.14270920000035403
2000 0.7540674000001673
2000 0.746004399999947
4000 4.544417800000701
5000 7.55525839999973
6000 12.417434899999535
7000 19.025948400000743
8000 28.321569599999748
10 0.0007602000005135778
100 0.0005556999994951184
1000 0.13424179999947228
2000 0.6279590000003736
2000 0.6196734000004653
4000 4.006417599999622
5000 7.105301900000086
6000 12.310498400000142
7000 19.72303479999937
8000 28.390977699999894
10 0.0009381999998367974
100 0.0009331000001111533
1000 0.11541579999993701
2000 0.6323523999999452
2000 0.6180097999995269
4000 4.758107800000289
5000 8.444027799999276
6000 12.234718900000189
7000 18.76772549999987
8000 30.046765199999754
10 0.0007162000001699198
100 0.0005256999993434874
1000 0.11886640000011539
2000 0.6335171000000628
2000 0.6254313999997976
4000 3.9617981999999756
5000 7.483764800000245
6000 12.232708800000182
7000 21.108667599999535
8000 27.37227359999997
10 0.0006826999997429084
100 0.0005528000001504552
1000 0.12113469999985682
2000 0.6143940000001749
2000 0.6308180999994875
4000 3.909890699999778
5000 9.327389899999616
6000 12.666989500000454
7000 19.215153400000418
8000 31.435577199999898
10 0.0006720000001223525
100 0.0008976999997685198
1000 0.11777259999962553
2000 0.6557066999994277
2000 0.6337770999998611
4000 4.059296899999936
5000 7.458434699999998
6000 12.165236900000309
7000 21.233671899999536
8000 27.757635400000254
10 0.0007661999998163083
100 0.000997700000880286
1000 0.1110447999999451
2000 0.5972940000001472
2000 0.6165170000003855
4000 4.03957790000004
5000 8.516015700000025
6000 12.101703700000144
7000 19.812342799999897
8000 29.29965550000088
10 0.0006915000003573368
100 0.0005928999999014195
1000 0.11388429999988148
2000 0.6207143999999971
2000 0.59022830000049
4000 3.965009000000464
5000 7.490136200000052
6000 12.027646699999423
7000 21.43556819999958
8000 27.16392790000009
10 0.0007081000003381632
100 0.0005258000001049368
1000 0.10980649999964953
2000 0.6387958999994225
2000 0.6255281000003379
4000 4.034846200000175
5000 8.798886100000345
6000 13.364015400000426
7000 18.78321959999994
8000 28.94284020000032
