10 0.008917900000597001
100 0.003788199999689823
1000 0.3437795999998343
2000 2.4028951999998753
2000 2.3236808999999994
4000 17.472270999999637
5000 31.30601950000073
6000 53.24552339999991
7000 82.6543056999999
8000 126.14623530000063
10 0.03411280000000261
100 0.0019785999993473524
1000 0.3429838000001837
2000 2.338900100000501
2000 2.309929699999884
4000 16.722956800000247
5000 33.90255309999975
6000 53.70124080000005
7000 81.49403369999982
8000 122.21624930000053
10 0.04572980000011739
100 0.001999000000068918
1000 0.3395199999995384
2000 2.283647000000201
2000 2.330475700000534
4000 16.42471309999928
5000 32.9440682000004
6000 53.66428240000005
7000 83.7130502
8000 121.31637369999953
10 0.04460769999968761
100 0.0018958000000566244
1000 0.3398477000009734
2000 2.851023199998963
2000 2.7838899999987916
4000 16.50039300000026
5000 31.1629899999989
6000 53.9160353999996
7000 84.56500040000174
8000 125.39311449999877
10 0.03333390000079817
100 0.0020142000012128847
1000 0.3455479000003834
2000 2.3145502999996097
2000 2.2637250000007043
4000 16.725484000000506
5000 32.115665600000284
6000 52.377231099999335
7000 81.91175049999947
8000 123.48423030000049
10 0.05063279999922088
100 0.002310800000486779
1000 0.33920000000034634
2000 2.2876158999988547
2000 2.3253658000012365
4000 17.058558299999277
5000 30.775131400001555
6000 54.333392399999866
7000 84.81143359999987
8000 125.87710119999974
10 0.06280929999957152
100 0.0019928000001527835
1000 0.3205207999999402
2000 2.381706000000122
2000 2.3689721999999165
4000 16.463476200000514
5000 31.288002300001608
6000 54.45271569999932
7000 81.47482370000034
8000 123.51407389999986
10 0.05107789999965462
100 0.002132200001142337
1000 0.35414050000144925
2000 2.279023799999777
2000 2.338557299999593
4000 18.025110900000072
5000 31.23228299999937
6000 53.800326000000496
7000 82.41851750000023
8000 124.60291659999893
10 0.034727899999779765
100 0.0019827999985864153
1000 0.3451534999985597
2000 2.279466099998899
2000 2.290962599998238
4000 16.82264060000125
5000 33.41360250000071
6000 53.11192519999895
7000 81.86071189999893
8000 122.24133510000138
10 0.04568260000087321
100 0.0020963000006304355
1000 0.34924879999925906
2000 2.329490000000078
2000 2.271429399999761
4000 16.413061300001573
5000 32.66822470000079
6000 52.07195390000015
7000 81.96704139999929
8000 122.50561970000126
