10 0.0008899000004021218
100 0.0043888999989576405
1000 1.0884659000003012
2000 6.579880100000082
2000 6.4708289000009245
4000 47.808792699999685
5000 83.52766979999979
6000 146.965999
7000 212.84425190000002
8000 306.8512097999992
10 0.0969716999989032
100 0.00247260000105598
1000 0.9573295000009239
2000 6.640997999998945
2000 6.632988500001375
4000 47.27978400000029
5000 82.33210409999992
6000 148.22158809999928
7000 214.39789629999905
8000 306.0507782000004
10 0.04751690000011877
100 0.004788599999301368
1000 1.2035642999999254
2000 6.881170500000735
2000 6.621333000000959
4000 45.945834000000104
5000 82.81694229999994
6000 149.31942229999913
7000 212.665380800001
8000 306.0720495000005
10 0.03348790000018198
100 0.0024747999996179715
1000 0.99635280000075
2000 6.622297399999297
2000 6.847430600000735
4000 45.88623220000045
5000 83.48894629999995
6000 149.66839450000043
7000 212.07795140000053
8000 302.6359940000002
10 0.028357299999697716
100 0.003575700000510551
1000 1.0232042000006913
2000 6.504418500000611
2000 6.455279399999199
4000 47.49964650000038
5000 81.50280620000012
6000 147.90072750000036
7000 213.474459699999
8000 304.9266398999989
10 0.03402980000100797
100 0.0034974000009242445
1000 0.9873293000000558
2000 6.576831399999719
2000 6.388925499999459
4000 46.64768069999991
5000 81.01998979999917
6000 149.72419529999934
7000 213.68858440000076
8000 301.4806784000011
10 0.0609930999999051
100 0.0036063000006834045
1000 0.9516481999999087
2000 6.73181090000071
2000 6.380031400000007
4000 47.00899120000031
5000 83.53270479999992
6000 146.67420719999973
7000 210.9477012999996
8000 301.1791867000011
10 0.04102179999972577
100 0.0031807000013941433
1000 0.9529981999985466
2000 6.659638200002519
2000 6.298793900001328
4000 45.89440839999952
5000 81.19719659999828
6000 147.3729411000022
7000 213.66230950000318
8000 301.7355942000031
10 0.039117000000260305
100 0.0032463999996252824
1000 1.0169907999988936
2000 6.578427099997498
2000 7.686057799997798
4000 45.231296900001325
5000 83.3997597000016
6000 145.36590649999926
7000 211.80568800000037
8000 299.92993699999715
10 0.044841300001280615
100 0.0036545000002661254
1000 0.9809327999973902
2000 6.892196400000103
2000 6.656723000000056
4000 46.293130300000485
5000 83.55487130000256
6000 151.1345685999986
7000 209.51597430000038
8000 297.77437609999834
