10 0.008243099999617698 0.007722300000295945 
100 0.003613399999721878 0.0006929999999556458 
1000 0.1288644999999633 0.16947950000030687 
2000 0.5067291999998815 1.1904328000000532 
2000 0.499851800000215 1.2629081000000042 
4000 2.1453120999999555 9.054715199999919 
5000 3.325843000000077 17.88623830000006 
6000 4.962999100000161 28.039523799999643 
7000 6.56352969999989 45.7795543000002 
8000 9.387801700000182 65.99419929999976 
10 0.12149060000001555 0.11926960000027975 
100 0.0024186000000554486 0.0006746999997631065 
1000 0.13639769999963391 0.17114100000026156 
2000 0.4800872000000709 1.1453395999997156 
2000 0.49664309999980105 1.1257974999998623 
4000 2.141008099999908 8.825168100000155 
5000 3.306100900000274 20.948838400000113 
6000 4.806746199999907 35.12441290000015 
7000 7.991375900000094 48.74279729999989 
8000 9.476015499999903 66.89924280000014 
10 0.11206059999994977 0.10888440000007904 
100 0.0026878999997279607 0.0006999000001997047 
1000 0.1404950999999528 0.2131797000001825 
2000 0.4927076999997553 1.119953500000065 
2000 0.5022973000000093 1.1385731999998825 
4000 2.1086582000002636 8.611840999999913 
5000 3.265650199999982 21.465706599999976 
6000 4.793813199999931 29.834716299999855 
7000 6.714688600000045 46.18756570000005 
8000 9.21386399999983 71.53922680000005 
10 0.0517678999999589 0.13727430000017193 
100 0.004251100000146835 0.0009556999998494575 
1000 0.14672490000020844 0.1665993999999955 
2000 0.5127602000002298 1.314665800000057 
2000 0.4811617999998816 1.1718769999997676 
4000 2.0820308999996087 8.509031900000082 
5000 3.3253061000000343 18.672710499999994 
6000 4.7861525000002985 27.116420099999686 
7000 6.755461399999604 44.970078600000306 
8000 9.344195300000138 69.04624220000005 
10 0.07690950000005614 0.08748749999995198 
100 0.00236140000015439 0.000668600000153674 
1000 0.13675740000007863 0.26060469999993074 
2000 0.48818889999984094 1.1989204999999856 
2000 0.5169569999998203 1.8437806000001729 
4000 2.1680169000001115 8.988526999999976 
5000 3.3299974000001384 15.754646799999591 
6000 4.806010600000263 30.02016249999997 
7000 6.574447200000122 43.00977219999959 
8000 9.660610800000086 67.07731950000016 
10 0.10140449999971679 0.07839230000035968 
100 0.0023358000003099733 0.0005581999998867104 
1000 0.11853449999989607 0.27949919999991835 
2000 0.49805549999973664 1.1799408000001677 
2000 0.489173099999789 1.2634625000000597 
4000 2.096099900000354 8.46247719999974 
5000 3.4000397999998313 16.344652400000086 
6000 4.83215459999974 32.425463200000195 
7000 6.7152458999999 49.999923299999864 
8000 9.280751799999962 67.22982769999999 
10 0.09181879999960074 0.07820540000011533 
100 0.002381400000103895 0.0005486999998538522 
1000 0.1204515999997966 0.1615804000002754 
2000 0.5437858000000233 1.1290337000000363 
2000 0.4969224999999824 1.2114332000001014 
4000 2.242954499999996 9.161782499999845 
5000 3.3448945000000094 18.69284400000015 
6000 4.809270699999615 32.323880400000235 
7000 6.531355400000393 47.28424309999991 
8000 9.24290209999981 68.9332389000001 
10 0.12427300000035757 0.12080109999988053 
100 0.004178099999990081 0.00085529999978462 
1000 0.16156229999978677 0.27987000000030093 
2000 0.513430900000003 1.4315481000003274 
2000 0.4956403000001046 1.155850399999963 
4000 2.095063199999913 8.549396400000205 
5000 3.3698249999997643 16.27398220000032 
6000 4.80649399999993 31.16687060000004 
7000 6.585262500000226 48.28356359999998 
8000 9.185813999999937 65.3959592000001 
10 0.08186959999966348 0.08799730000009731 
100 0.002412400000139314 0.0006797999994887505 
1000 0.14601149999998597 0.17432780000035564 
2000 0.532249399999273 1.252218200000243 
2000 0.49351969999952416 1.1759652000000642 
4000 2.0992231000000174 8.336117400000148 
5000 3.290038199999799 15.695531200000005 
6000 4.921923199999583 31.768039700000372 
7000 6.72820049999973 45.15801939999983 
8000 9.459445200000118 67.2466188999997 
10 0.10186700000031124 0.07822440000018105 
100 0.0023390000005747424 0.0005701000000044587 
1000 0.12254899999970803 0.16353840000010678 
2000 0.5526077000004079 1.1328799000002618 
2000 0.49439390000043204 1.1505936000003203 
4000 2.1159059999999954 8.77132149999943 
5000 3.4028220000000147 17.264363799999956 
6000 4.8042514999997366 27.41457100000025 
7000 6.695155300000806 45.385080499999276 
8000 9.346676099999968 71.82186770000044 
