10 0.002877800000007369 0.06629309999999577 
100 0.0027173000000004777 0.011378399999998123 
1000 0.12188539999999648 0.20097379999999987 
2000 0.5133490000000052 1.3782297000000057 
2000 0.5158067999999929 1.3651398000000086 
4000 2.1713432999999895 10.604116099999999 
5000 3.33949419999999 20.689305100000013 
6000 4.97475799999998 32.94969850000001 
7000 6.651415400000019 54.45834179999997 
8000 9.265840199999957 75.46624070000001 
10 0.06417410000000245 0.09889780000003157 
100 0.0022763999999710904 0.0005775000000198816 
1000 0.13791080000004285 0.18388639999994894 
2000 0.5292115000000308 1.4133547999999792 
2000 0.4943256999999903 1.2089083000000187 
4000 2.0774013000000195 10.610181699999998 
5000 3.4189678000000185 18.25722360000003 
6000 4.91718979999996 35.081022700000005 
7000 6.813023299999998 51.382417299999986 
8000 9.461086799999975 89.55387330000002 
10 0.07691720000002533 0.1507413000000497 
100 0.004828100000054292 0.0010313999999880252 
1000 0.17463709999992716 0.2446688999999651 
2000 0.505440599999929 1.2738405000000057 
2000 0.4850854999999683 1.2754481000000624 
4000 2.158270199999947 10.214927500000044 
5000 3.33017140000004 18.519633800000065 
6000 4.826978700000041 32.54147420000004 
7000 6.746674299999995 48.98086269999999 
8000 9.660058900000081 69.20247359999996 
10 0.08638020000000779 0.08314139999993131 
100 0.0023406999999906475 0.0011015999999699488 
1000 0.12625900000000456 0.19754119999993236 
2000 0.6464944999999034 1.2381313000000773 
2000 0.5093514999999798 1.2245953999999983 
4000 2.0882010000000264 9.116099400000053 
5000 3.3372915999999577 19.09948940000004 
6000 4.9182713999999805 31.464866800000095 
7000 6.758063300000003 48.99458859999993 
8000 9.347160500000086 77.87133369999992 
10 0.12698679999994056 0.08484740000005786 
100 0.002257499999927859 0.0005965000000287546 
1000 0.12031490000003942 0.19322109999995973 
2000 0.5676968000000215 1.1966110999999273 
2000 0.512438100000054 1.1968301999999085 
4000 2.0765696999999363 9.173517500000003 
5000 3.321297599999866 16.682697700000062 
6000 4.874197699999968 30.677337699999953 
7000 6.697107899999992 49.90025700000001 
8000 9.341547900000023 72.61695450000002 
10 0.07781409999984135 0.08313900000007379 
100 0.0023132000001169217 0.0005952999999863096 
1000 0.1313975999999002 0.3240915999999743 
2000 0.5254385999999158 1.2245066000000406 
2000 0.5001970000000711 1.7027433000000656 
4000 2.1728528000001006 11.345125300000063 
5000 3.331683099999964 16.945617900000116 
6000 4.917808300000161 33.74268649999999 
7000 6.980385399999932 48.52112340000008 
8000 9.62479929999995 69.00906250000003 
10 0.07435829999985799 0.12679550000007112 
100 0.0034904999999980646 0.0009133999999448861 
1000 0.16421490000016092 0.2616307999999208 
2000 0.5009487999998328 1.457719200000156 
2000 0.4883813999999802 1.254927700000053 
4000 2.1808705000000828 9.446086899999955 
5000 3.2974785000001248 16.66539509999984 
6000 4.816848299999947 30.446790800000144 
7000 6.666662300000098 51.03949059999991 
8000 9.397050799999988 71.13362589999997 
10 0.07236560000001191 0.08254499999998188 
100 0.002079399999956877 0.0005522999999811873 
1000 0.12938790000021072 0.20442869999988034 
2000 0.6436222999998336 1.2163824000001568 
2000 0.5062149000000318 1.2049217999999655 
4000 2.144193100000166 11.5270759 
5000 3.3384324999999535 16.681194400000095 
6000 4.755159100000128 28.486540200000036 
7000 6.907665400000042 49.03512619999992 
8000 9.65587000000005 69.67528790000006 
10 0.07679289999987304 0.0846475000000737 
100 0.0026248000001487526 0.0005574999997861596 
1000 0.1344002000000728 0.2956320999999207 
2000 0.5544792999999117 1.2028940000000148 
2000 0.49383639999996376 1.2143640000001596 
4000 2.082063600000083 9.001314399999956 
5000 3.4013402000000497 16.77842809999993 
6000 4.794033500000069 32.089258799999925 
7000 6.583699699999897 47.42716480000013 
8000 9.475956199999928 74.71560070000032 
10 0.13500380000004952 0.13885209999989456 
100 0.004154899999775807 0.000877299999956449 
1000 0.13332320000017717 0.182153599999765 
2000 0.5238768000003802 1.232876799999758 
2000 0.5209196000000702 1.2247060999998212 
4000 2.1438562999996975 10.544118400000116 
5000 3.413083800000095 17.948096000000078 
6000 4.855967599999985 33.24512670000013 
7000 7.059857499999907 45.317515000000185 
8000 9.635623099999975 73.99937259999979 
