10 0.00018930000000239033 0.06631520000000535 
100 0.0014174000000082287 0.011039900000000102 
1000 0.10526049999999998 0.20520399999999483 
2000 0.4146010999999987 1.4161043999999947 
2000 0.35517819999999745 1.3584575 
4000 1.5535648999999978 12.103625500000007 
5000 2.6412187000000102 17.811497900000006 
6000 3.613559500000008 32.710735400000004 
7000 5.204215500000004 63.80982750000001 
8000 7.436644999999999 107.61962290000002 
10 0.045515599999987444 0.08695400000004838 
100 0.001179699999966033 0.0007337000000120497 
1000 0.09256239999996296 0.3018236000000343 
2000 0.38617569999996704 1.3452584000000343 
2000 0.33935409999998 1.3015210000000366 
4000 1.471582699999999 11.044597699999997 
5000 3.241716599999961 20.446789500000023 
6000 3.576600600000006 34.45192109999999 
7000 4.920257400000025 55.73412939999997 
8000 7.475233200000048 82.85371519999995 
10 0.07699779999995826 0.11982590000002347 
100 0.0010708999999451407 0.0010652000000845874 
1000 0.12053639999999177 0.3060846999999285 
2000 0.3463952000000745 1.8012387999999646 
2000 0.36644300000000385 1.7433053999999402 
4000 1.5663995999999543 10.122614699999986 
5000 2.373000100000013 22.038343199999986 
6000 3.4235936999999694 34.44542609999996 
7000 5.00824990000001 53.78836039999999 
8000 7.730988899999943 87.10217810000006 
10 0.10582639999995536 0.11323979999997391 
100 0.0016497000000299522 0.0010019000000056622 
1000 0.11647329999993872 0.2291831000000002 
2000 0.45909919999996873 1.5362744999999904 
2000 0.3518776999999318 1.5433074000000033 
4000 1.6913726000000224 13.319461199999978 
5000 2.3780679999999847 18.650228900000002 
6000 3.5850372999999536 38.623517900000024 
7000 5.254748899999981 60.155772400000046 
8000 7.546286099999975 78.6302346 
10 0.10210959999994884 0.1032666999999492 
100 0.0006487999999080785 0.0005770000000211439 
1000 0.08144670000001497 0.3317153000000417 
2000 0.4164038999999775 1.63124189999985 
2000 0.35500919999981306 1.3671589000000495 
4000 1.4830683000000136 10.525733599999967 
5000 2.565925800000059 21.559242099999892 
6000 3.474641799999972 34.873523000000205 
7000 5.1962003000001005 55.65342250000003 
8000 7.13466040000003 76.81946489999996 
10 0.07329610000010689 0.08980109999993147 
100 0.000764800000069954 0.0005882000000383414 
1000 0.07959060000007412 0.18423940000002403 
2000 0.4112517000000935 1.2804837999999563 
2000 0.3356196000002001 1.3308998999998494 
4000 1.490288400000054 12.122185400000035 
5000 2.5061737999999423 26.881576499999937 
6000 3.675816599999962 31.88634120000006 
7000 4.887568399999964 47.69657849999999 
8000 6.910254500000065 72.53935109999998 
10 0.0810089000001426 0.10205579999978909 
100 0.0007381000000350468 0.0006834999999227875 
1000 0.0982640000001993 0.3191795000000184 
2000 0.42849120000005314 1.734618699999828 
2000 0.3745893000000251 1.276285899999948 
4000 1.5172213000000738 8.989905999999792 
5000 2.334183400000029 17.600782600000002 
6000 3.484827100000075 31.4493930000001 
7000 4.70126520000008 50.12480069999992 
8000 6.8574418999999125 74.80608660000007 
10 0.04371820000005755 0.13796499999989464 
100 0.0008766999999352265 0.0010214999999789143 
1000 0.10397650000004433 0.23101010000004862 
2000 0.32456520000005185 1.2767523999998502 
2000 0.3289907000000767 1.3022607000000335 
4000 1.4965207000000191 9.245487700000012 
5000 2.3732890000001134 18.63139870000009 
6000 3.5032608999999866 33.033958900000016 
7000 4.680978399999958 47.80348030000005 
8000 6.832854100000077 70.20964609999987 
10 0.0814548000000741 0.1441271000001052 
100 0.0011423000000831962 0.0007298999998965883 
1000 0.08050709999997707 0.19312300000001414 
2000 0.4603996000000734 1.3530871000000388 
2000 0.342030799999975 1.2612613000001147 
4000 1.4720678999999564 11.804312199999913 
5000 2.3406885000001694 16.78866879999987 
6000 3.488278700000137 29.00289459999999 
7000 4.9756119999999555 45.76165889999993 
8000 6.724581700000044 73.12085610000008 
10 0.08910379999997531 0.1343131000003268 
100 0.0010328000003028137 0.0010423999997328792 
1000 0.10197539999990113 0.3037728000003881 
2000 0.33994639999991705 1.2539907000000312 
2000 0.3290038000000095 1.3220252000000983 
4000 1.4715844000002107 9.41878779999979 
5000 2.36682780000001 17.190317099999902 
6000 3.406753899999785 31.09226800000033 
7000 4.677041800000097 53.229512200000045 
8000 7.100609399999939 71.35640830000011 
