10 0.0005948999996689963 0.0005522000001292326 
100 0.001463300000068557 0.0013911000005464302 
1000 0.08475960000032501 0.24914350000017293 
2000 0.3485462999997253 1.223831600000267 
2000 0.34562299999925017 1.3203162000008888 
4000 1.5529255000001285 8.968731800000569 
5000 2.3008641999995234 16.409623000000465 
6000 3.3633491000000504 30.15619229999993 
7000 4.656527400000414 52.30348810000032 
8000 6.695338100000299 66.67530889999944 
10 0.12962400000014895 0.11880370000017137 
100 0.0008171999998012325 0.0005540000001929002 
1000 0.0794765999999072 0.17217989999971905 
2000 0.3274051000007603 1.1892938999999387 
2000 0.3315630000006422 1.1699803999999858 
4000 1.4470838999995976 9.187199699999837 
5000 2.3846284000001106 15.686738000000332 
6000 3.457266299999901 31.217827000000398 
7000 4.891879400000107 47.45807479999985 
8000 6.697702100000242 66.05328180000015 
10 0.08517889999984618 0.1403904999997394 
100 0.0012108999999327352 0.000880200000210607 
1000 0.07846059999974386 0.1650497999999061 
2000 0.32111019999956625 1.2126256999999896 
2000 0.34308059999966645 1.1476432999997996 
4000 1.4633327000001373 8.561508099999628 
5000 2.304148399999576 19.556173199999648 
6000 3.445543499999985 27.025741400000697 
7000 4.854636600000049 45.936337099999946 
8000 6.723986199999672 68.58822950000012 
10 0.11110589999952936 0.1595448000007309 
100 0.0015817000003153225 0.0008554999994885293 
1000 0.08515170000009675 0.16696309999952064 
2000 0.3663010000000213 1.2969331000003876 
2000 0.3411141000005955 1.488528299999416 
4000 1.626597400000719 13.238098999999238 
5000 2.6618461999996725 19.15375210000002 
6000 3.7412177000005613 33.4901861999997 
7000 4.976020799999787 59.746390899999824 
8000 6.995842600000287 72.0047199999999 
10 0.0873805999999604 0.13635229999999865 
100 0.0017283999995925114 0.0008740000002944726 
1000 0.07954789999985223 0.2158570999999938 
2000 0.3638774999999441 1.2118800000007468 
2000 0.3341102000003957 1.1649908999997933 
4000 1.5103660999993735 9.069961700000022 
5000 2.307411900000261 19.578709700000218 
6000 3.574615499999709 31.083543900000222 
7000 4.86513130000003 50.06915370000024 
8000 7.025915799999893 73.00539310000022 
10 0.10824289999982284 0.16255550000005314 
100 0.0015112999999473686 0.0006853000004412024 
1000 0.07827980000001844 0.168198599999414 
2000 0.3337098000001788 1.2925458999998227 
2000 0.3411263999996663 1.3775998999999501 
4000 1.53846220000014 10.504303400000026 
5000 2.3345970000000307 16.538385400000152 
6000 3.4649264999998195 28.258064800000284 
7000 4.789191400000163 48.79117740000038 
8000 6.9908949000000575 67.92703540000002 
10 0.10759370000050694 0.12075139999979001 
100 0.0016838000001371256 0.0008797999998932937 
1000 0.09516609999991488 0.17772320000040054 
2000 0.3262580999999045 1.1488772000002427 
2000 0.3266278000000966 1.1925015999995594 
4000 1.4647215000004508 8.552649499999461 
5000 2.43838070000038 15.762379599999804 
6000 3.3891642999997202 31.899574699999903 
7000 4.938192499999786 49.14117239999996 
8000 6.882080600000336 65.73741440000049 
10 0.10762549999981275 0.1188350000002174 
100 0.001655400000345253 0.0008926000000428758 
1000 0.08288270000048215 0.176227399999334 
2000 0.34017020000010234 1.2004049999995914 
2000 0.3369190000003073 1.1661134999994829 
4000 1.5251058000003468 8.673505699999623 
5000 2.36635060000026 19.32274629999938 
6000 3.59715850000066 29.318595300000197 
7000 4.838816499999666 46.15088300000025 
8000 6.866958199999317 67.18354590000035 
10 0.12693080000008194 0.07805269999971642 
100 0.00076459999945655 0.0005719999999200809 
1000 0.07703129999936209 0.17236630000024888 
2000 0.3276767999996082 1.2692229000003863 
2000 0.3362542000004396 1.197636699999748 
4000 1.454106000000138 8.731453299999885 
5000 2.3159812000003512 19.60881100000006 
6000 3.387909899999613 29.05319150000014 
7000 4.796248800000285 47.08717239999987 
8000 6.8707924999998795 66.96681770000032 
10 0.12923870000031457 0.11841279999953258 
100 0.0015364000000772648 0.000839799999994284 
1000 0.09461589999955322 0.16730240000015328 
2000 0.3332405999999537 1.1820582999998805 
2000 0.32916609999938373 1.2054557999999815 
4000 1.4548455000003742 11.068321599999763 
5000 2.353564500000175 15.947303999999349 
6000 3.4423616000003676 27.255588299999545 
7000 4.651839300000574 45.8959347 
8000 6.693591899999774 69.34542150000016 
