10 0.00013619999936054228 800
50 0.00043310000000928994 20000
100 0.0011844000000564847 80000
1000 0.20745539999916218 8000000
1500 0.5748118000001341 18000000
2000 1.17670999999973 32000000
2500 2.2968306000002485 50000000
10 0.0022132000003693975 800
50 0.0005418999999164953 20000
100 0.0005977000000711996 80000
1000 0.21322549999968032 8000000
1500 0.5783203000000867 18000000
2000 1.1888333999995666 32000000
2500 2.2134899000002406 50000000
10 0.0021629999992001103 800
50 0.000541499999599182 20000
100 0.0005260000007183407 80000
1000 0.18654659999992873 8000000
1500 0.5579743000007511 18000000
2000 1.2119807999997647 32000000
2500 2.3012871000000814 50000000
10 0.002203699999881792 800
50 0.0005346000007193652 20000
100 0.0005073000002084882 80000
1000 0.1714730999992753 8000000
1500 0.6032402999999249 18000000
2000 1.220343099999809 32000000
2500 2.2551434999995763 50000000
10 0.0020655999996961327 800
50 0.00035200000002078013 20000
100 0.0005430999999589403 80000
1000 0.17165569999997388 8000000
1500 0.5785291000001962 18000000
2000 1.2153272999994442 32000000
2500 2.271093000000292 50000000
10 0.0021800999993502046 800
50 0.0002443999992465251 20000
100 0.0005244000003585825 80000
1000 0.17860810000001948 8000000
1500 0.5764839000003121 18000000
2000 1.2063540999997713 32000000
2500 2.268388099999356 50000000
10 0.0021860999995624297 800
50 0.0005648999995173654 20000
100 0.000514600000315113 80000
1000 0.17071329999998852 8000000
1500 0.5594706000001679 18000000
2000 1.2004336999998486 32000000
2500 2.258753600000091 50000000
10 0.002184599999964121 800
50 0.0005516999999599648 20000
100 0.0005261999995127553 80000
1000 0.2151544999996986 8000000
1500 0.5354612000000998 18000000
2000 1.2381986999998844 32000000
2500 2.3686140999998315 50000000
10 0.002180399999815563 800
50 0.0003702000003613648 20000
100 0.0005377999996198923 80000
1000 0.19505870000011782 8000000
1500 0.5337595000000874 18000000
2000 1.167783199999576 32000000
2500 2.2876765000000887 50000000
10 0.002180400000725058 800
50 0.00034469999991415534 20000
100 0.0005282000001898268 80000
1000 0.17045369999959803 8000000
1500 0.5417116000007809 18000000
2000 1.274094999999761 32000000
2500 2.190210899999329 50000000
