10 0.00019699999938893598 800
50 0.0004928999996991479 20000
100 0.0009096000003410154 80000
1000 0.11848639999971056 8000000
1500 0.33404090000021824 18000000
2000 0.5654242000000522 32000000
2500 1.0368751999994856 50000000
10 0.0025157000000035623 800
50 0.0007925999998406041 20000
100 0.0009112000007007737 80000
1000 0.11722979999922245 8000000
1500 0.3228419999995822 18000000
2000 0.6843496999999843 32000000
2500 1.0824823000002652 50000000
10 0.0025497000005998416 800
50 0.00043390000064391643 20000
100 0.0008950000001277658 80000
1000 0.11697759999970003 8000000
1500 0.32129770000028657 18000000
2000 0.6304359000005206 32000000
2500 1.0751890999999887 50000000
10 0.002533900000344147 800
50 0.0006043000003046473 20000
100 0.0009289999998145504 80000
1000 0.117593100000704 8000000
1500 0.3091402999998536 18000000
2000 0.5619551999998293 32000000
2500 1.0610795000002327 50000000
10 0.0025217000002157874 800
50 0.0006002999998599989 20000
100 0.0009149999996225233 80000
1000 0.11782519999997021 8000000
1500 0.3273454000000129 18000000
2000 0.5611672000004546 32000000
2500 1.0821273999999903 50000000
10 0.002542400000493217 800
50 0.0008070000003499445 20000
100 0.000932999999349704 80000
1000 0.11850719999983994 8000000
1500 0.30664679999972577 18000000
2000 0.5583784000000378 32000000
2500 1.0694392999994307 50000000
10 0.002534199999900011 800
50 0.0011389000001145178 20000
100 0.0009137999995800783 80000
1000 0.11646550000023126 8000000
1500 0.31353279999984807 18000000
2000 0.7777045999991969 32000000
2500 1.311609800000042 50000000
10 0.005868799999916519 800
50 0.0004856000005020178 20000
100 0.0009110000000873697 80000
1000 0.11823770000046352 8000000
1500 0.3696420999995098 18000000
2000 0.7343166000000565 32000000
2500 1.3823843000000124 50000000
10 0.002643700000589888 800
50 0.0006992999997237348 20000
100 0.0009405999999216874 80000
1000 0.11847059999945486 8000000
1500 0.37192659999982425 18000000
2000 0.6811021000003166 32000000
2500 1.0473459000004368 50000000
10 0.002537000000302214 800
50 0.0008474000005662674 20000
100 0.0009568999994371552 80000
1000 0.11806239999987156 8000000
1500 0.32225819999985106 18000000
2000 0.5718157999999676 32000000
2500 1.0345605999991676 50000000
