10 0.00014110000029177172 1600
50 0.0010160000001633307 40000
100 0.0010935000000245054 160000
1000 0.20921359999920242 16000000
1500 0.5262303999998039 36000000
2000 0.938874799999212 64000000
2500 1.7909263999999894 100000000
10 0.004527300000518153 1600
50 0.00045709999994869577 40000
100 0.0009961000005205278 160000
1000 0.21169000000008964 16000000
1500 0.5245285000000877 36000000
2000 0.952161199999864 64000000
2500 1.9906000000000859 100000000
10 0.004925899999761896 1600
50 0.0006400999991456047 40000
100 0.0010908000003837515 160000
1000 0.20935830000053102 16000000
1500 0.5013874000005671 36000000
2000 1.0063678000005893 64000000
2500 1.7972386999999799 100000000
10 0.004528299999947194 1600
50 0.0008323000001837499 40000
100 0.0010207000004811562 160000
1000 0.21382050000011077 16000000
1500 0.494039199999861 36000000
2000 1.026426100000208 64000000
2500 1.7812008000000787 100000000
10 0.004531399999905261 1600
50 0.0004581000002872315 40000
100 0.0010041000005003298 160000
1000 0.21266729999933887 16000000
1500 0.5156288000007407 36000000
2000 0.9786559000003763 64000000
2500 1.7991937000006146 100000000
10 0.004489400000238675 1600
50 0.0005927000001975102 40000
100 0.0010146000004169764 160000
1000 0.20952269999997952 16000000
1500 0.5376371000002109 36000000
2000 0.996891400000095 64000000
2500 1.7990851999993538 100000000
10 0.004494699999668228 1600
50 0.0008084000000962988 40000
100 0.0009862999995675636 160000
1000 0.2100772000003417 16000000
1500 0.5274020999995628 36000000
2000 0.9249782000006235 64000000
2500 1.770723900000121 100000000
10 0.00452930000028573 1600
50 0.0008009999992282246 40000
100 0.001009399999929883 160000
1000 0.21046370000021852 16000000
1500 0.5209684999999808 36000000
2000 0.9267491999999038 64000000
2500 1.905100300000413 100000000
10 0.004486699999688426 1600
50 0.0009430000000065775 40000
100 0.0010623000007399241 160000
1000 0.2085676999995485 16000000
1500 0.5348303999999189 36000000
2000 1.2272438999998485 64000000
2500 1.7846392000001288 100000000
10 0.004510599999775877 1600
50 0.0004648000003726338 40000
100 0.0012097999997422448 160000
1000 0.2104697999993732 16000000
1500 0.4953092999994624 36000000
2000 0.8941448999994464 64000000
2500 1.945733300000029 100000000
