10 0.00013549999948736513 1600
50 0.000511999999616819 40000
100 0.0010208999992755707 160000
1000 0.26244469999983266 16000000
1500 0.803638399999727 36000000
2000 1.870510099999592 64000000
2500 3.241883300000154 100000000
10 0.007099600000401551 1600
50 0.00034450000021024607 40000
100 0.00048270000024785986 160000
1000 0.16133710000030987 16000000
1500 0.5480346999993344 36000000
2000 1.1768149999998059 64000000
2500 2.206330799999705 100000000
10 0.010911299999861512 1600
50 0.0003814000001511886 40000
100 0.0007678000001760665 160000
1000 0.1738882999998168 16000000
1500 0.5425765999998475 36000000
2000 1.1713988000001336 64000000
2500 2.2208199999995486 100000000
10 0.007249199999932898 1600
50 0.00047870000071270624 40000
100 0.0004838999993808102 160000
1000 0.17291579999982787 16000000
1500 0.5338244000004124 36000000
2000 1.1705124999998588 64000000
2500 2.23733859999993 100000000
10 0.006829100000686594 1600
50 0.00034479999976611 40000
100 0.0007821999997759121 160000
1000 0.16323740000007092 16000000
1500 0.559309199999916 36000000
2000 1.1547828000002482 64000000
2500 2.2359470999999758 100000000
10 0.007527500000833243 1600
50 0.0004625000001396984 40000
100 0.0004806000006283284 160000
1000 0.1907562999995207 16000000
1500 0.52974230000018 36000000
2000 1.1880684999996447 64000000
2500 2.2299786000003223 100000000
10 0.007298100000298291 1600
50 0.00030359999982465524 40000
100 0.0004888000003120396 160000
1000 0.18878029999996215 16000000
1500 0.5164616000001843 36000000
2000 1.1498953999998776 64000000
2500 2.1539442000002964 100000000
10 0.007251400000313879 1600
50 0.00034139999934268417 40000
100 0.0005175999995117309 160000
1000 0.16938529999970342 16000000
1500 0.6021365000005972 36000000
2000 1.1694070000003194 64000000
2500 2.216935899999953 100000000
10 0.0075138000001970795 1600
50 0.0003553000005922513 40000
100 0.0004825999994864105 160000
1000 0.21216009999989183 16000000
1500 0.5289271999999983 36000000
2000 1.1711917000002359 64000000
2500 2.2381588999996893 100000000
10 0.012523099999270926 1600
50 0.0004831000005651731 40000
100 0.00048719999995228136 160000
1000 0.19220860000041284 16000000
1500 0.5365644000003158 36000000
2000 1.179779499999313 64000000
2500 2.284218800000417 100000000
