10 0.00011749999976018444 800
50 0.0010025000001405715 20000
100 0.000929300000279909 80000
1000 0.11691139999948064 8000000
1500 0.3196898999995028 18000000
2000 0.535865200000444 32000000
2500 1.0270793999998205 50000000
10 0.002500300000065181 800
50 0.0007268999997904757 20000
100 0.000851600000714825 80000
1000 0.11753560000033758 8000000
1500 0.31754710000041086 18000000
2000 0.5476488999993308 32000000
2500 1.033516000000418 50000000
10 0.0024719000002733083 800
50 0.0006680999995296588 20000
100 0.0008457999992970144 80000
1000 0.1168056999995315 8000000
1500 0.32442819999960193 18000000
2000 0.5795093999995515 32000000
2500 1.01217700000052 50000000
10 0.00251750000006723 800
50 0.00040239999998448184 20000
100 0.0008214999998017447 80000
1000 0.11796990000038932 8000000
1500 0.3105777999999191 18000000
2000 0.5487929000000804 32000000
2500 1.0054661000003762 50000000
10 0.0025050000003830064 800
50 0.0006119999998190906 20000
100 0.0008287000000564149 80000
1000 0.11501190000035422 8000000
1500 0.31355249999978696 18000000
2000 0.6497350999998162 32000000
2500 1.015588399999615 50000000
10 0.0025062000004254514 800
50 0.0007348999997702776 20000
100 0.0008442999996987055 80000
1000 0.11833490000026359 8000000
1500 0.30797029999939696 18000000
2000 0.5659930000001623 32000000
2500 1.01480520000041 50000000
10 0.002506000000721542 800
50 0.0005550999994738959 20000
100 0.0008379000000786618 80000
1000 0.11617529999966791 8000000
1500 0.3040139000004274 18000000
2000 0.5408944000000702 32000000
2500 0.9954490999998598 50000000
10 0.0025439999999434804 800
50 0.0007523999993281905 20000
100 0.0008454999997411505 80000
1000 0.11669819999951869 8000000
1500 0.312880700000278 18000000
2000 0.6303072000000611 32000000
2500 1.0187925000000178 50000000
10 0.0038494999998874846 800
50 0.0006172000003061839 20000
100 0.0008728000002520275 80000
1000 0.11634270000013203 8000000
1500 0.302634599999692 18000000
2000 0.5653142000001026 32000000
2500 1.1263641999994434 50000000
10 0.004130400000576628 800
50 0.0008484999998472631 20000
100 0.0008874000004652771 80000
1000 0.11761329999990267 8000000
1500 0.3206967000005534 18000000
2000 0.5366449999992255 32000000
2500 1.418166100000235 50000000
