10 0.0001520000005257316 1600
50 0.00029240000003483146 40000
100 0.0006713999991916353 160000
1000 0.19478179999987333 16000000
1500 0.5602802000003066 36000000
2000 1.1780774999997448 64000000
2500 2.2353094999998575 100000000
10 0.007528400000410329 1600
50 0.00046920000022510067 40000
100 0.00048489999971934594 160000
1000 0.16753700000026583 16000000
1500 0.5397984999999608 36000000
2000 1.1529289000000063 64000000
2500 2.2435597000003327 100000000
10 0.006884499999614491 1600
50 0.00034860000050684903 40000
100 0.0005329000005076523 160000
1000 0.1849131999997553 16000000
1500 0.5290950999997222 36000000
2000 1.1767664999997578 64000000
2500 2.255782299999737 100000000
10 0.007930800000394811 1600
50 0.0004925000002913293 40000
100 0.0006063000000722241 160000
1000 0.16438259999995353 16000000
1500 0.565435599999546 36000000
2000 1.183697200000097 64000000
2500 2.184280399999807 100000000
10 0.007268500000463973 1600
50 0.0003330999998070183 40000
100 0.00048720000086177606 160000
1000 0.1728120999996463 16000000
1500 0.5384161000001768 36000000
2000 1.2694581999994625 64000000
2500 2.2085064000002603 100000000
10 0.011269499999798427 1600
50 0.0003127999998469022 40000
100 0.000479500000437838 160000
1000 0.18572719999974652 16000000
1500 0.5343983000002481 36000000
2000 1.2319083999991562 64000000
2500 2.3024165999995603 100000000
10 0.006890200000270852 1600
50 0.0004954999994879472 40000
100 0.0004927999998471932 160000
1000 0.20171029999983148 16000000
1500 0.51265500000045 36000000
2000 1.1818096000006335 64000000
2500 2.225623899999846 100000000
10 0.006894500000271364 1600
50 0.00024329999996552942 40000
100 0.0004902999999103486 160000
1000 0.17274189999989176 16000000
1500 0.5428148999999394 36000000
2000 1.1469476000002032 64000000
2500 2.2060163999994984 100000000
10 0.011385699999664212 1600
50 0.00024869999924703734 40000
100 0.00048119999974005623 160000
1000 0.1674496999994517 16000000
1500 0.5168797000005725 36000000
2000 1.2128358999998454 64000000
2500 2.258797399999821 100000000
10 0.007306900000003225 1600
50 0.0003059999999095453 40000
100 0.0004810999998881016 160000
1000 0.24100349999935133 16000000
1500 0.5086888000005274 36000000
2000 1.187249300000076 64000000
2500 2.310689099999763 100000000
