10 9.989999944082228e-05 1600
50 0.00043700000060198363 40000
100 0.0009233999999196385 160000
1000 0.20279050000044663 16000000
1500 0.6119042999998783 36000000
2000 1.3421833000002152 64000000
2500 2.098860500000228 100000000
10 0.0047064999998838175 1600
50 0.0005773000002591289 40000
100 0.0009381999998367974 160000
1000 0.20816959999956453 16000000
1500 0.5197871000000305 36000000
2000 0.9332853000005343 64000000
2500 1.8006156999999803 100000000
10 0.004467700000532204 1600
50 0.0005661000004693051 40000
100 0.0009970000000976142 160000
1000 0.20792119999987335 16000000
1500 0.4973939999999857 36000000
2000 0.9019686000001457 64000000
2500 1.7554581000003964 100000000
10 0.004466899999897578 1600
50 0.000734599999304919 40000
100 0.0009253000007447554 160000
1000 0.20715170000039507 16000000
1500 0.48946090000026743 36000000
2000 0.9386476999998195 64000000
2500 1.760408600000119 100000000
10 0.004504500000621192 1600
50 0.0005616999997073435 40000
100 0.000940999999329506 160000
1000 0.20500379999975848 16000000
1500 0.5305423999998311 36000000
2000 0.950284699999429 64000000
2500 1.7258417000002737 100000000
10 0.004418500000610948 1600
50 0.00042129999928874895 40000
100 0.0008986000002551009 160000
1000 0.2069335999995019 16000000
1500 0.5093078999998397 36000000
2000 1.0954800999998042 64000000
2500 1.7220762000006289 100000000
10 0.004490299999815761 1600
50 0.0006174999998620478 40000
100 0.0010289000001648674 160000
1000 0.20937430000049062 16000000
1500 0.5563526000005368 36000000
2000 0.9866523999999117 64000000
2500 1.757858799999667 100000000
10 0.004419500000039989 1600
50 0.0007212000000436092 40000
100 0.0009128000001510372 160000
1000 0.20593879999978526 16000000
1500 0.5043249000000287 36000000
2000 0.9254246000000421 64000000
2500 1.831494200000634 100000000
10 0.0044217000004209694 1600
50 0.0007378000000244356 40000
100 0.0009982000001400593 160000
1000 0.207554199999322 16000000
1500 0.48751160000028904 36000000
2000 0.9377058999998553 64000000
2500 1.7614002999998775 100000000
10 0.004514200000812707 1600
50 0.0005935999997745967 40000
100 0.0009350000000267755 160000
1000 0.20425760000034643 16000000
1500 0.5156322000002547 36000000
2000 0.979903600000398 64000000
2500 1.780590100000154 100000000
