10 9.680000039224979e-05 1600
50 0.0007031999994069338 40000
100 0.0009744999997565174 160000
1000 0.2089431999993394 16000000
1500 0.5050436999999874 36000000
2000 0.9423822999997356 64000000
2500 1.7610337999994954 100000000
10 0.004401500000312808 1600
50 0.00042269999994459795 40000
100 0.0009142999997493462 160000
1000 0.20636950000061915 16000000
1500 0.5063257999991038 36000000
2000 1.0732880000005025 64000000
2500 1.980222700000013 100000000
10 0.004509300000790972 1600
50 0.0010580999996818719 40000
100 0.0009262999992643017 160000
1000 0.2094396999991659 16000000
1500 0.5120452999999543 36000000
2000 1.063091799999711 64000000
2500 1.8171122999992804 100000000
10 0.004612199999428412 1600
50 0.0007588999997096835 40000
100 0.0009756999997989624 160000
1000 0.2074771999996301 16000000
1500 0.50004220000028 36000000
2000 0.8863446000004842 64000000
2500 1.9151590999999826 100000000
10 0.009711800000332005 1600
50 0.0007647000002179993 40000
100 0.0009194000003844849 160000
1000 0.2132596999999805 16000000
1500 0.5569264000005205 36000000
2000 0.942929699999695 64000000
2500 1.7672837000000072 100000000
10 0.004443799999535258 1600
50 0.0007316999999602558 40000
100 0.0009279999994760146 160000
1000 0.2099593000002642 16000000
1500 0.49883019999924727 36000000
2000 0.9277266999997664 64000000
2500 1.7491901000003054 100000000
10 0.00444690000040282 1600
50 0.0007253000003402121 40000
100 0.0009213000003001071 160000
1000 0.2058872000006886 16000000
1500 0.5238638999999239 36000000
2000 0.8831329999993613 64000000
2500 1.7748853000002782 100000000
10 0.00430789999973058 1600
50 0.00040840000019670697 40000
100 0.000922799999898416 160000
1000 0.2061335999997027 16000000
1500 0.5133927999995649 36000000
2000 0.9993461000003663 64000000
2500 1.7257455999997546 100000000
10 0.004302399999687623 1600
50 0.0007267999999385211 40000
100 0.00092300000051182 160000
1000 0.20606820000011794 16000000
1500 0.5174878000007084 36000000
2000 0.8851567000001523 64000000
2500 1.7809503999997105 100000000
10 0.004398500000206695 1600
50 0.0007414000001517707 40000
100 0.0009110000000873697 160000
1000 0.20706549999977142 16000000
1500 0.513417300000583 36000000
2000 0.9185949000002438 64000000
2500 1.7904681999998502 100000000
