10 0.00018360000012762612 600
50 0.0009274000003642868 15000
100 0.0011385999996491591 60000
1000 0.11190729999998439 6000000
1500 0.3015752999999677 13500000
2000 0.5333279999995284 24000000
2500 1.0282889000000068 37500000
10 0.0025385999997524777 600
50 0.0007265000003826572 15000
100 0.0009352999995826394 60000
1000 0.10996040000009089 6000000
1500 0.28767119999974966 13500000
2000 0.7059909999998126 24000000
2500 1.3022963000003074 37500000
10 0.0025326999993922072 600
50 0.0004257000000507105 15000
100 0.0008949000002758112 60000
1000 0.11335300000064308 6000000
1500 0.32183600000007573 13500000
2000 0.6958257999995112 24000000
2500 1.3364895000004253 37500000
10 0.004206599999633909 600
50 0.0005218999995122431 15000
100 0.0008940999996411847 60000
1000 0.11177429999952437 6000000
1500 0.3621516999992309 13500000
2000 0.6767617000004975 24000000
2500 1.0616935999996713 37500000
10 0.002529299999878276 600
50 0.0007600999997521285 15000
100 0.0009368000000904431 60000
1000 0.11108640000020387 6000000
1500 0.2936853000001065 13500000
2000 0.5771426999999676 24000000
2500 1.0064146999993682 37500000
10 0.00247880000006262 600
50 0.0007542000003013527 15000
100 0.0009430999998585321 60000
1000 0.11108710000007704 6000000
1500 0.2883468999998513 13500000
2000 0.5261352000006809 24000000
2500 0.9838706000000457 37500000
10 0.002473200000167708 600
50 0.000708900000063295 15000
100 0.0009344999998575076 60000
1000 0.11209990000043035 6000000
1500 0.29425069999979314 13500000
2000 0.6287569000005533 24000000
2500 0.9981984000005468 37500000
10 0.0025106000002779183 600
50 0.0007201000007626135 15000
100 0.0009234999997715931 60000
1000 0.11309650000021065 6000000
1500 0.29102989999955753 13500000
2000 0.5573647000001074 24000000
2500 1.0210189999997965 37500000
10 0.002528600000005099 600
50 0.000425100000029488 15000
100 0.0009257000001525739 60000
1000 0.11088930000005348 6000000
1500 0.28798269999970216 13500000
2000 0.5674109000001408 24000000
2500 1.1016714999996111 37500000
10 0.004113599999982398 600
50 0.0007293000007848605 15000
100 0.0009068000008483068 60000
1000 0.11130789999970148 6000000
1500 0.29409709999981715 13500000
2000 0.5446321999997963 24000000
2500 1.0026514999999563 37500000
