10 0.00016959999993559904 1600
50 0.00047029999950609636 40000
100 0.0009745000006660121 160000
1000 0.2108275999999023 16000000
1500 0.5219372000001385 36000000
2000 1.11430719999953 64000000
2500 1.8619196999998167 100000000
10 0.004480699999476201 1600
50 0.0008168999993358739 40000
100 0.0010005000003729947 160000
1000 0.21005779999995866 16000000
1500 0.5319110000000364 36000000
2000 1.0210323000001154 64000000
2500 1.769717999999557 100000000
10 0.004481199999645469 1600
50 0.0006995000003371388 40000
100 0.001043299999764713 160000
1000 0.2095766000002186 16000000
1500 0.515190299999631 36000000
2000 0.9668226000003415 64000000
2500 2.1255638000002364 100000000
10 0.0045008000006419024 1600
50 0.0008581999991292832 40000
100 0.0010066000004371745 160000
1000 0.20914240000001882 16000000
1500 0.497355499999685 36000000
2000 0.9247123000004649 64000000
2500 1.904316000000108 100000000
10 0.004330699999627541 1600
50 0.0004529999996520928 40000
100 0.0009960999996110331 160000
1000 0.2124389999999039 16000000
1500 0.5128746000000319 36000000
2000 1.051511699999537 64000000
2500 1.811398800000461 100000000
10 0.011219099999834725 1600
50 0.0008334000003742403 40000
100 0.0010026999998444808 160000
1000 0.21006359999955748 16000000
1500 0.5082901000005222 36000000
2000 0.9495668999998088 64000000
2500 1.7578585999999632 100000000
10 0.004384799999570532 1600
50 0.0006251999993764912 40000
100 0.0010346999997636885 160000
1000 0.2095675000000483 16000000
1500 0.5294844999998531 36000000
2000 0.9698269000000437 64000000
2500 1.7683188999999402 100000000
10 0.0044889999999213615 1600
50 0.00046019999990676297 40000
100 0.0011970999994446174 160000
1000 0.21099680000043008 16000000
1500 0.5185415000005378 36000000
2000 1.1119670000007318 64000000
2500 1.7648346000005404 100000000
10 0.004616500000338419 1600
50 0.0008171999998012325 40000
100 0.0010081000000354834 160000
1000 0.21067390000007435 16000000
1500 0.517613099999835 36000000
2000 0.911689500000648 64000000
2500 1.7938654999998107 100000000
10 0.004349499999989348 1600
50 0.0007998999999472289 40000
100 0.0009854999998424319 160000
1000 0.21024840000063705 16000000
1500 0.5124627000004693 36000000
2000 0.9642921000004208 64000000
2500 1.7563528000000588 100000000
