10 0.0002606999996714876 600
50 0.001166499999271764 15000
100 0.0011529999992490048 60000
1000 0.12269759999981034 6000000
1500 0.375252000000728 13500000
2000 0.7263959000001705 24000000
2500 1.3564486999994187 37500000
10 0.004724700000224402 600
50 0.0010683999998946092 15000
100 0.0010158000004594214 60000
1000 0.11654579999958514 6000000
1500 0.3703302000003532 13500000
2000 0.7807585000000472 24000000
2500 1.2335542999999234 37500000
10 0.0025797999996939325 600
50 0.0008583999997426872 15000
100 0.0010180999997828621 60000
1000 0.11688060000051337 6000000
1500 0.30899070000032225 13500000
2000 0.6009751000001415 24000000
2500 1.147714800000358 37500000
10 0.004193599999780417 600
50 0.0011230000000068685 15000
100 0.0010402999996586004 60000
1000 0.11683750000065629 6000000
1500 0.29890359999990324 13500000
2000 0.575159199999689 24000000
2500 1.0582894999997734 37500000
10 0.006844099999398168 600
50 0.000886299999365292 15000
100 0.0010283000001436449 60000
1000 0.11525609999989683 6000000
1500 0.31882519999999204 13500000
2000 0.6049489999995785 24000000
2500 1.0666581000004953 37500000
10 0.0025509000006422866 600
50 0.0008636999991722405 15000
100 0.0010256999994453508 60000
1000 0.11586220000026515 6000000
1500 0.30561760000000504 13500000
2000 0.554247299999588 24000000
2500 1.0820628999999826 37500000
10 0.002547999999478634 600
50 0.0008831999994072248 15000
100 0.0010074000001623062 60000
1000 0.11645889999999781 6000000
1500 0.3094442000001436 13500000
2000 0.573966300000393 24000000
2500 1.0170403000001897 37500000
10 0.0025265000003855675 600
50 0.00045980000049894443 15000
100 0.0009946000000127242 60000
1000 0.11601619999964896 6000000
1500 0.2994441000000734 13500000
2000 0.5363482000002477 24000000
2500 1.0171392000002015 37500000
10 0.0028561000008267 600
50 0.000873699999829114 15000
100 0.001011800000014773 60000
1000 0.11754000000019005 6000000
1500 0.30581549999988056 13500000
2000 0.5638878999998269 24000000
2500 1.0162061000000904 37500000
10 0.0025635000001784647 600
50 0.0008797000000413391 15000
100 0.0010253000000375323 60000
1000 0.11817509999946196 6000000
1500 0.2979723999997077 13500000
2000 0.6405127000007269 24000000
2500 1.0271284000000378 37500000
